113 answer 2 40 5 5.05 16 1.05 0.9 2.93
123 answer 5 25 4 5.05 14 1.05 0.94 2.99
135 answer 8 24 3 5.05 11.5 1.16 1.06 3.27
138 answer 2 33 3 5.05 11.5 1.21 1.01 3.16
153 answer 26.5 10 3 5.05 17 1.05 0.95 2.95
181 answer 1 15 2 5.05 11 0.95 0.9 4.34
191 answer 0 25 4 5.05 12 1.02 0.94 3.01
231 answer 16 6 4 5.05 16 0.9 0.95 2.8
236 answer 23 22 4 5.05 18 1.1 1.01 3.1
254 answer 28 10 3 5.25 15 1 0.85 2.9
255 answer 8 12 2 . 14 1 0.85 3.96
294 answer 0 35 3 5.05 16 1.05 0.94 2.93
306 answer 6 20 3 5.05 18 1.11 1.05 3.21
311 answer 35 30 3 5.05 11.5 1.01 0.95 3.01
315 answer 4.5 20 2 5.05 16 1.05 0.84 2.76
335 answer 7 13 3 5.05 17 1.05 0.94 2.93
372 answer 30 20 5 5.05 18.5 1.06 1.05 3.15
6 answer 5 2 2 5.05 8 1.11 1.01 4.35
14 answer 4 17 3 5.05 11 1.05 0.94 4.59
26 answer 10 20 4 5.05 16 1.01 0.94 2.89
27 answer 0 7 4 5.05 10 1.05 0.84 4.42
30 answer 4 3 2 5.05 10 0.94 0.92 4.55
31 answer 6 15 5 5.05 12.5 1 1.05 4.69
33 answer 6 11 5 5.05 17 1.11 1.06 3.22
36 answer 10 35 6 5.05 12.5 0.95 0.89 3.03
77 answer 4 60 3 5.05 19 1.06 1.06 3.17
78 answer 10 12 2 5.05 16 1.11 1.01 3.17
81 answer 0 45 4 5.05 11.5 1.11 0.98 4.16
82 answer 25 8 4 5.05 13.5 1.11 0.98 3.14
83 answer . . 4 5.05 14 1.11 0.89 2.99
85 answer 0 35 3 5.05 12.5 1.11 1.01 3.17
89 answer 6 25 6 5.5 16 1.11 1.01 3.17
94 answer 2 20 4 5.05 10 1.05 0.79 4.37
103 answer . . 2 5.05 12.5 1.05 0.84 3.15
112 answer 5 25 6 5.05 12.5 1.11 1.09 4.27
128 answer 3 16 2 5.05 11 1.05 0.79 4.16
129 answer 7 18 4 5.05 16 1.11 1 3
131 answer 8 22 3 5.05 15 1.05 1.11 3.21
139 answer 11 25 5 5.5 12 . . .
143 highwa . . . . . . . .
144 answer 4 37 3 5.05 12.5 0.94 0.94 3.14
145 answer 10 8 4 5.28 16 1.05 0.96 2.96
147 answer 6 0 3 5.25 14 1.13 0.91 2.95
148 answer 7.5 30 4 5.05 17 1.05 0.94 2.93
151 perman 0 0 0 . . . . .
152 answer 12 13.5 5 5.05 15 1.16 0.94 3.04
157 answer 12 8 2 5.5 11 0.95 0.83 4.25
161 answer 26 12 4 5.05 17 1.11 1.06 3.22
163 answer 1.5 33 3 5.05 15 . . .
164 answer 5 15 3 5.05 17 1.11 1.06 3.22
165 answer 10 17 4 5.05 12.5 1.05 0.98 3.08
169 answer 20 6 4 5.05 16 1.11 1.05 3.21
170 answer 20 20 4 5.05 16 1.29 1.11 3.58
187 answer 5 17.5 3 5.05 15 1.11 1.06 3.22
190 answer 7 30 4 5.05 15 1.05 1.01 3.8
196 answer 0 30 3 5.05 12.5 1 0.9 4.01
197 answer 5 21 5 5.05 17 1.05 0.95 2.95
234 answer 10 4 3 5.05 16 1.04 1.01 2.63
240 answer 15 15 3 5.05 17 1.1 1 3.15
241 answer 15 . 4 5.05 16 1.15 1.05 3.25
242 answer 12 10 3 5.05 16 1.11 1.06 3.22
245 answer 8 12 4 5.05 13 1.11 1.11 3.27
259 answer 15 15 4 5.05 14.5 1.05 . .
268 answer 0 42.5 2 5.05 15 0.94 0.78 2.56
271 answer 0 15 3 5.05 12 0.9 0.73 3.91
272 answer 2 14 3 5.25 12 0.94 0.73 3.99
274 answer 3 7 3 5.05 11 . . .
276 answer 5 15 3 5.05 12 0.95 0.73 4
296 answer 4 9 6 5.05 16 1.05 0.94 2.99
299 answer 6 12 2 5.05 11.5 1.05 0.84 4.21
301 answer 2 7 1 5.05 10.5 0.94 0.84 4.1
320 answer 4 6 3 5.05 11 1.05 0.84 4.32
321 answer 4 11 2 5.05 12 1.05 0.84 4.32
324 answer 22 39 5 5.05 24 1.22 1.05 3.32
326 answer 0 45 4 5.05 24 1.22 . .
330 answer 3 20 3 5.67 14.5 0.94 0.79 2.99
334 answer 0 20 3 5.05 12.5 0.9 0.9 2.65
349 answer 0 20 4 5.05 15 1.01 1.01 2.96
354 answer 9 7 3 5.05 10.5 1 0.85 2.79
356 answer 0 28 4 5.05 11.5 1 0.85 2.9
357 answer 21 6 3 5.25 12.5 1 0.84 4.19
371 answer 11 22 5 5.25 16 . . .
373 answer 18 15 4 5.05 15.5 1.1 0.94 3.06
375 answer 0 25 4 5.5 15 1.05 0.94 3
378 answer 20 15 4 5.05 19 1.05 0.99 3.07
381 answer 15 15 5 5.05 16.5 1.37 1.16 3.69
403 answer 11 23 3 5.05 16 1.11 1.06 3.22
406 answer 17 22 4 5.5 12.5 0.84 0.94 3.77
407 answer 8 7 3 5.5 10.5 1.05 1.16 4.53
409 answer 0 15 3 5.05 15 1.09 1.04 3.14
3 answer 4 7 3 5.05 11 1.05 0.94 4.74
10 answer 15 15 4 5.05 16 0.94 0.87 2.75
11 answer 12 24 3 5.05 16 1.05 0.87 2.86
18 answer 8 38 5 5.05 17 1.05 1 2.68
19 answer 6 44 5 5.05 16 1.04 0.93 2.92
38 answer 10 20 6 5.05 17.5 0.98 0.82 2.56
63 answer 15 10 4 5.05 18 1.11 1.01 3.21
66 answer 26 10 4 5.05 17 1.05 0.95 2.95
68 answer 13 17 3 5.05 17 1.05 0.95 2.95
69 answer 0 27 3 5.05 18 1.26 1.01 3.27
73 answer 14 0 3 5.05 11 1.05 1.05 4.53
75 answer 4 11 3 5.05 11 1.16 1.16 5.07
76 answer 25 15 6 5.05 16.5 1.11 1.06 3.22
80 answer 11 14 3 5.05 12.5 1.12 0.98 3.09
86 answer 9 12 4 5.05 15 1.05 1.05 3.14
88 answer 4 37 4 5.05 15 1.05 0.87 2.86
91 answer 0 30 4 5.05 17 1.11 1.05 3.21
92 answer 14 6 3 5.05 15 1.11 1.01 3.17
93 answer 5 25 5 5.05 16 1.11 1.05 3.21
95 answer 0 14 3 5.05 10 1.05 0.75 4.33
96 answer 0 15 5 5.05 10.5 1.05 0.94 4.58
97 answer 2.5 11 3 5.05 10 1.05 0.8 4.39
98 answer 3 13 3 5.05 10 1.05 0.9 4.48
105 answer 0 45 4 5.05 16.5 1.05 0.99 3.2
106 answer 2 25 3 5.05 16 1.05 0.95 2.95
107 answer 13.5 10 2 5.05 14 . 1.01 .
108 answer 11 24 5 5.05 17 1.37 1.02 3.44
111 answer 20 14.5 3 5.05 16 1.16 1.16 3.32
116 answer 22 12 3 5.05 13 1.39 0.95 3.55
118 answer 18 20 3 5.05 15 1.05 0.94 2.99
122 answer 10 50 6 5.05 12.5 1.15 0.94 3.24
124 answer 21 6 4 5.05 15 1.16 0.94 3.22
136 refuse . . . . 16 . . .
137 answer 12 30 5 5.05 15 1.11 1.11 3.27
142 answer 40 31 5 5.05 11.5 1.01 0.89 3.16
168 answer 0 32 4 5.25 16 1.11 0.95 3.2
171 answer 10 12.5 5 5.05 16 1.18 1.04 3.25
178 answer 1 10 3 5.05 10.5 1.01 0.94 4.59
179 answer 2 10 4 5.05 11 0.94 0.84 4.27
195 answer 8 25 3 5.05 12.5 0.94 0.84 3.89
198 answer 10 32 4 5.05 16 1.05 0.94 2.93
200 answer 5 40 4 5.05 17.5 1.05 0.94 2.97
202 answer 13 11 4 5.05 19 1.15 0.95 2.74
203 answer 4 34 3 5.05 17 1.05 0.95 2.95
204 answer 12 13.5 3 5.05 17.5 1.05 0.99 3.09
209 answer 6 37 4 5.05 16 1.11 1.06 3.22
216 answer 2 18 3 5.05 10.5 1.05 0.94 4.74
217 answer 0 12 3 5.05 10.5 0.94 0.73 3.99
219 answer 9 9 2 5.05 10.5 0.94 0.73 4.2
220 answer 3 12 3 5.05 10 1.09 0.9 4.74
222 answer 2 15 3 5.05 11.5 1.01 1.01 2.91
226 answer 0 26 2 5.3 10.5 1 0.85 2.79
230 answer 15 17 3 5.05 17 1.05 0.94 2.93
235 answer . 28 3 5.05 15 1.11 1.11 3.25
237 answer 9 17 4 5.05 15.5 0.94 0.94 2.88
239 answer 0 19 2 5.05 12.5 1.05 0.84 4.21
244 answer 16 12 6 5.05 17 1.11 1.12 3.28
257 renova . . . . . . . .
258 answer 20 18 3 5.05 18 1.08 0.94 2.86
260 answer 4 26 5 5.05 16 1.09 0.94 2.96
262 answer 0 22.5 3 5.05 17.5 1.08 1.02 2.97
264 answer 0 23 5 5.05 16 1.05 1.11 3.1
265 perman 0 0 0 . . . . .
267 answer 30 25 5 5.05 16 1.05 0.88 2.84
275 answer 1 8 2 5.05 10.5 0.94 0.73 3.99
277 answer 1 14 3 5.05 10 0.94 0.73 3.99
278 answer 0 9 4 5.05 11 0.95 0.73 4
282 perman 0 0 0 . . . . .
289 answer 3 10 2 5.05 15 1.01 1.01 4.02
297 answer 15 30 4 5.05 16 1.05 0.94 2.97
307 answer 25 25 6 5.2 24 1.26 . .
310 answer 3 23 3 5.05 11.5 0.97 0.9 3.93
312 answer 3 2 3 5.05 10 1.26 1.05 3.33
317 answer 4 0 3 5.05 10.5 1.26 1.05 3.36
333 answer 3 20 3 5.05 15 1.04 0.87 2.78
339 answer 5 9 2 5.05 16 0.95 0.95 2.85
340 answer 15 17 2 5.05 16 1.05 0.84 2.73
346 answer 3 12 3 . 11 0.85 . .
348 perman 0 0 0 . . . . .
351 answer 10 20 4 5.05 16 1.01 1.01 2.75
359 answer 0 26 4 5.05 16 1.05 0.87 2.74
360 answer 5 32 7 5.05 16 1.05 0.87 2.74
361 answer 4 23 6 5.05 16 0.9 0.93 2.75
362 answer 24 4 4 5.05 12.5 1.05 0.84 4.32
363 answer 14 7 2 5.2 12.5 1.01 0.8 4.24
364 answer 1 30 4 5.05 12.5 1.05 0.84 4.32
368 answer 0 25 2 5.05 11.5 1 0.85 2.8
377 answer 11 12 3 5.05 14 1.05 0.95 2.94
385 answer 15 14 3 5.05 17 1.16 1.22 2.79
386 answer 14 10 4 5.05 17 1.05 0.95 2.95
391 answer 12 7 2 5.05 10 1.05 1.05 4.74
397 answer 6 15 3 5.05 17 1.17 1.06 4.34
401 answer 5 27 4 5.05 16 1.12 1.05 3.22
410 answer 0 35 3 5.05 16 1.19 0.98 3.18
413 answer 0 20 3 5.05 17 1.11 1.01 3.17
414 answer 13 9 4 5.05 16 1.15 0.95 3.23
415 answer 0 38 4 5.05 16 1.05 0.9 2.99
417 answer 13 17 4 5.05 16 1.11 1.09 3.2
418 answer 0 35 4 5.05 16 1.03 0.9 2.52
419 answer 5 5 2 5.05 11 1.05 0.84 4.42
426 answer 5 25 3 5.05 18 1.11 1.05 3.21
1 answer 20 40 4 5.05 16 1.05 0.79 2.74
2 answer 7.5 10 3 5.25 15 1.05 1.01 3
4 answer 5 30 4 5.05 13.5 1.22 1.37 3.48
5 answer 10 30 4 5.15 17 1.05 0.94 2.93
8 answer 15 25 3 5.05 13 1.01 1.01 2.96
9 answer 0 32 4 5.05 16 1.11 0.92 3.04
12 answer 15 15 4 5.05 16 1.01 0.92 2.87
13 answer 2 11 3 5 11 1.01 0.94 4.7
15 answer 5 20 3 5.05 17 1.05 1.01 4.06
16 answer 7 17 3 5.05 17 1.05 1.01 3
17 answer 4 35 4 5.05 17 1.05 0.94 2.94
21 answer 0 11 2 5.05 10 0.94 0.94 4.31
22 answer 3 15 2 5.05 15 1.05 1.05 3.04
23 answer 14 14 3 5.05 16.5 1.05 0.94 2.93
24 answer 15 20 4 5.05 . 1.05 0.94 2.99
28 answer 6 2 3 . 10 . 1.05 .
29 answer 0 13 3 5.05 11 1.05 1.05 4.74
32 answer 2 25 3 5.05 11.5 1.22 1.11 4.61
34 answer 11 7 3 5.05 11.5 1.22 1.11 3.06
35 answer 13 18 3 5.05 11.5 1.03 . .
64 answer 13 13 3 5.05 16 1.05 0.95 2.95
65 renova . . 3 5.05 . . . .
67 answer 4 17.5 5 5.05 13.5 1.32 1.05 3.59
70 answer 10 30 5 5.05 16 1.05 0.95 3.01
71 answer 29 14 3 5.05 17 1.05 0.95 2.95
79 answer 8 18 3 5.05 16 1.11 1.06 3.22
84 answer 12 30 5 5.05 16 1.05 0.9 2.89
87 answer 0 30 5 5.05 15 1 0.99 3.03
99 answer 30 50 4 5.05 24 1.22 1.17 4.71
101 answer 10 12 3 5.05 15 1.15 1.1 3.3
102 answer 0 27 2 5.05 15 1.07 1.01 3.13
104 answer 11 10 3 5.05 12.5 1 0.84 2.78
114 answer 20 40 4 5.25 16.5 1.11 0.94 2.99
115 answer 6 15 4 5.05 17 1.05 0.95 3.01
119 answer 18 13 4 5.05 17.5 1.05 0.89 2.89
120 answer 0 30 4 5.05 16 1.05 1.05 3.15
125 answer 0 15 2 5.05 12 1.01 1.01 4.51
130 answer 2 38 4 5.05 16 1.11 1.06 3.22
132 answer 15 20 3 5.5 14 . . .
133 answer 3 20 3 5.05 15 1.11 1.06 4.28
134 answer 6 27.5 3 5.05 16 1.11 1.06 3.11
140 answer 5 35 5 5.67 11.5 1 0.94 2.99
141 answer 10 25 3 5.05 12.5 1.05 0.84 3.23
146 answer 0 32 4.5 5.05 16 1.05 0.99 3.09
149 answer 8 10 3 5.05 16 1.05 0.94 2.93
150 answer 12 20 3 5.75 15 1.11 0.88 2.87
156 answer 2 18 2 5.05 15 0.95 0.94 2.9
158 answer 3 4 4 5.05 11.5 0.95 0.94 4.38
159 answer 10 5 4 5.25 11.5 0.95 0.84 4.28
162 answer 3 30 3 5.05 15.5 1.11 1.01 3.17
166 answer 0 35 4 5.05 12.5 1.11 0.84 3.21
172 answer 7 23 3 5.05 13 1.11 1.01 3.17
173 answer 11 30 5 5.05 18 1.05 0.94 3.03
174 answer 20 20 3 5.05 16 1.05 0.9 2.93
176 answer 20 27.5 4 5.05 16 1.04 1.06 .
180 answer 0 17.5 4 5.05 12 1.05 1.05 4.95
182 answer 0 15 3 5.05 10 1.05 1 4.78
183 answer 15 10 2 5.05 10.5 1.05 1 4.8
185 answer 2 6 3 5.05 10.5 1.05 1 4.8
186 answer 12 18 4 5.05 16 1.17 1.06 3.18
189 answer 0 19 3 5.05 15 1.11 1.06 3.22
192 answer 4.5 30 3 5.25 12.5 1.05 0.84 3.15
193 answer 4 9 3 5.05 13 1.01 0.9 3.17
199 answer 11 3 4 5.05 10.5 0.91 0.9 4.26
201 answer 16 22 3 5.05 17 1.05 0.95 2.95
207 answer 8.5 6 2 5.2 12 1.05 0.84 4.21
208 answer 5 32 3 5.05 14 1.06 1.06 3.17
210 answer 0 14 3 5.05 11 . . .
211 answer 2 35 4 5.05 15 . 0.9 .
212 answer 20 15 3 5.05 16 1.05 0.94 2.88
213 answer 12 17.5 4 5.05 17.5 1.05 0.94 2.93
214 answer 0 35 5 5.05 16.25 1.04 0.93 2.93
215 answer 20 10 3 5.05 16 0.93 0.84 2.7
218 answer 5 3 3 5.05 11 0.95 0.73 3.87
221 answer 1 15 3 5.05 11 1.05 0.94 4.52
223 answer 3 20 3 5.05 15 1.01 1.01 2.96
225 answer 12 25 4 5.05 17 1.01 1.01 2.96
228 answer 11 19 3 5.05 12.5 1 0.84 2.73
229 answer 22 11 3 5.5 13.5 1.01 0.94 2.89
232 answer 18 10 4 5.05 15 1.05 0.95 2.95
233 answer 15 7 3 5.05 16 1.05 0.94 2.93
238 answer 25 15 5 5.05 12 1.05 1.05 4.42
243 answer 7 22 3 5.05 15.5 1.11 1.06 3.22
247 answer 0 40 4 5.05 15.5 1.11 1.09 4.27
248 answer 10 14 6 5.05 16 1.37 0.95 4.35
249 answer 10 12 3 5.05 15 1.01 1.01 2.96
250 answer 2 4 3 5.05 10 0.94 0.84 4.3
253 answer 4 8 6 5.05 16 1.23 1.11 4.62
269 answer 10 3 4 5.05 11 0.94 0.73 3.99
273 answer 2 11 3 5.05 10 0.95 0.74 4.01
284 answer 6 12 3 5.05 16 1.01 1.01 2.96
285 answer 3 15 3 5.05 16 1.01 1.01 3.03
286 answer 2 15 3 5.05 11.5 1.02 1.01 2.97
287 answer 2 15 3 5.05 16 1.01 1.01 2.96
288 answer 5 9 3 5.05 16 1.01 1.01 2.91
290 answer 0 23 2 5.05 11.5 1 0.85 2.79
291 answer 5 16 3 5.1 11.5 1 0.85 2.79
292 answer 15 11 3 5.05 16 1 0.84 4.53
295 answer . 21 4 5.05 18 1.05 0.94 2.93
303 answer 12 35 3 5.05 16 1.05 1.05 3.15
304 answer 10 15 4 5.05 24 1.4 1.29 3.74
305 answer 5 22 4 5.05 18 1.37 1.31 3.73
313 answer 0 30 . 5.05 15 1 1.01 2.9
314 answer 15 6 4 5.25 16 1.05 0.74 2.73
316 answer 12 14 3 5.05 16 1.05 0.94 2.93
318 answer 7 6 4 5.05 11.5 1.11 0.95 4.65
319 answer 22 4 3 5.05 11.5 0.95 0.9 4.28
322 answer 12 5 4 5.05 15 0.96 1.01 2.91
325 answer 1 15 3 5.05 15 1.02 1.01 3.04
336 answer 10 20 5 5.05 16 0.95 1.05 2.94
337 answer 25 5 3 5.05 17 . . .
341 answer 3 7 3 5.05 11 0.9 0.84 4.06
343 answer 4 11 2 5.05 12 0.95 0.85 4.12
350 answer 5 20 2 5.05 17 1.01 1.01 2.91
352 mallfi . . . . . 0.95 0.95 2.79
353 answer . 31 4 5.05 16 1.01 1.01 2.91
355 answer 3 17 2 . 11.5 1 0.85 2.74
366 answer 1 19 4 5.05 11.5 1.01 0.9 2.54
369 perman 0 0 0 . . . . .
370 answer 26 5 3 5.05 16 . . .
376 answer 0 17 3 5.05 14 1.26 1.01 3.27
379 answer 28 6 3 5.05 16 1.06 1.06 3.18
380 answer 15 14 3 5.05 16 1.05 0.94 2.93
383 answer 7 2 2 5.05 16 1.16 1.01 3.22
384 answer 0 30 3 5.05 16 1.05 1.05 2.99
393 answer 18 4 3 5.25 11 1.16 1.26 5.17
396 answer 8 30 3 5.4 16 1.11 1.05 3.21
398 answer 25 15 3 5.05 17 1.11 1.06 3.22
399 answer 18 18 4 5.05 16 1.26 1.08 3.39
400 answer 8 24 3 5.05 16 1.17 1.01 3.23
402 answer 17 5 2 5.05 15 1.11 1.05 3.21
405 answer 1.5 15 3 5.05 16 1.12 1.01 3.18
411 answer 4 36 3 5.05 16 1.15 1.01 3.17
412 answer 0 13 2 5.05 11 1.15 1.05 4.84
421 answer 25 7 8 5.05 13 1.05 0.84 4.21
422 answer 5 10 6 5.05 11 1.01 0.84 4.17
423 answer 19 3.5 3 5.25 11 1.05 0.84 4.21
424 answer 12 3 4 5.25 14 1.05 0.94 4.31
427 answer 0 35 3 5.05 12.5 1.11 1.09 4.27
428 answer 10 24 3 5.14 12.5 1.05 0.89 4.05
46 answer 3.5 35 3 4.3 16.5 1.03 . .
49 answer 0 15 4 4.45 13 1.01 0.89 4.25
506 answer 3 7 4 5 11 0.95 0.74 4.02
56 answer 0 36 2 5.25 12 0.92 0.79 2.58
61 answer 28 3 6 4.75 12 1.01 0.84 2.8
62 answer . . . . 12 . 0.84 .
445 answer 15 18 5 4.75 18 1.04 0.86 2.84
451 answer 26 9 6 5 24 1.11 0.84 2.89
455 answer 3 12 2 5 11 0.94 0.84 4.1
458 answer 2 9 2 5 10.5 0.9 0.73 3.95
462 answer 1 25 4 4.75 12 1.01 1.01 2.91
468 answer 9 32 4 5 18 0.97 0.84 2.67
469 answer 7 39 4 4.5 18 0.92 0.81 2.6
470 answer 18 10 3 4.75 18 1.03 0.84 2.81
474 answer 5 20 3 4.5 13 1.09 0.94 2.97
481 answer 15 4 3 5 11 0.74 0.73 4
483 answer 4 13 3 4.75 11 0.95 0.74 4.02
487 answer 6 20 3 4.75 11 1.05 1.01 3
488 answer 5 15 3 4.75 15 1.01 1.01 2.96
489 answer 2 19 3 4.25 11.5 1.01 1.01 3.07
490 answer 2 18 3 5 16 1.01 1.01 3.07
493 answer 0 30 4 4.9 16 1.02 1.01 2.87
495 answer 8 20 3 5 16 0.96 1.01 2.98
496 answer 10 10 3 4.75 16 1.01 1.01 2.91
499 answer 0 31 5 5 12 0.9 0.69 2.53
509 answer 5.5 10 3 4.25 15.5 1 1.01 2.95
515 answer 5 19 3 4.75 16 1.01 1.01 2.96
37 answer 6 25 7 4.25 16.5 0.98 0.84 2.68
39 answer 5 15 3 . 16.5 1.05 . .
40 answer 7 25 6 4.25 17.5 0.98 0.82 2.67
41 answer 0 42 6 4.25 17.5 0.94 0.78 2.63
42 answer 0 22 5 4.25 16.5 0.94 . .
45 answer 11 12 2 4.25 17.5 0.98 0.75 2.59
47 answer 0 45 2 4.25 18 1.05 0.86 2.77
48 answer 7.5 25 5 4.38 14 0.98 0.79 2.64
50 answer 4 20 3 4.75 13 1.01 0.89 4.25
51 answer 6 15 3 4.25 13 1 0.89 4.24
57 answer 7 18 4 4.5 12 1.01 0.78 2.69
58 answer 0 28 4 4.5 12 1.04 0.84 2.82
59 answer 0 16 4 4.25 10.5 1.01 0.84 2.71
60 answer 10 20 5 4.25 12 0.98 0.84 2.68
408 answer 1 14 3 4.25 11 0.95 0.84 4.32
430 answer 0 48 3 4.25 16 0.91 0.73 2.39
432 answer 25 10 4 5.05 16 0.94 0.74 2.47
433 answer 0 42 4 . 16 0.94 0.74 2.42
434 answer 19 29 4 4.25 16 0.95 0.8 2.55
435 answer 0 32 5 4.25 15.5 0.94 0.74 2.47
438 answer 2 9 3 4.25 9 0.95 0.84 4.22
440 answer 0 30 3 . 11.5 1 0.8 3.6
441 answer 0 30 3 4.25 11.5 1 0.8 3.61
443 answer 5 20 4 4.35 11.5 1 0.8 3.61
444 answer 10 35 4 4.5 11.5 0.89 . .
446 answer 7 24 4 5 18 0.97 0.84 2.72
448 answer 8 27 3 4.5 18 0.96 0.83 2.66
449 answer 15 15 5 5 18 0.97 0.84 2.54
450 answer 27.5 8 3 4.75 18 0.91 0.84 2.61
454 answer 0 18 5 5 11 0.94 0.73 4.31
459 answer 0 20 5 4.35 15 1.01 1.01 2.91
466 answer 14 12 3 . 11.5 0.94 . .
471 answer 12 23 3 4.25 18 0.97 0.86 2.74
472 answer 8 25 3 4.9 17 0.96 0.84 2.71
473 answer 26 15 2 4.5 17 0.97 0.84 2.67
475 answer 10 16 3 4.5 15 1.02 0.94 2.86
476 answer 5 30 3 4.75 18 0.96 0.84 2.98
477 answer 6 20 4 6.25 17 0.96 0.84 2.69
478 answer 8 30 4 4.35 18 1.01 0.88 2.8
485 answer 4 12 3 4.5 11 1.01 0.73 4.06
491 perman 0 0 0 . . . . .
492 answer 4 15 2 4.5 12.5 1.11 1.11 3.27
497 answer . . 5 . 12 1.01 0.9 2.7
498 answer 21 5.5 3 5 12 0.98 0.84 2.72
501 answer 30 15 6 4.75 18 1.03 0.91 2.85
503 answer 35 6.5 3 4.5 18 0.97 0.84 2.81
510 answer 2.5 17.5 3 . 15 1.05 1.01 .
511 answer 3 13 3 4.75 15 1.01 1.01 2.91
514 answer 23 16 3 4.25 16 0.95 0.95 2.95
516 answer 2 12 2 4.91 14 1.01 0.95 2.85
521 answer 0 12 8 4.4 16 0.41 0.84 2.14
522 answer 3 23 3 4.25 16 1 0.74 2.69
